[
    {
        "mffm1": "5C 43 00 00 90 42 00 00 B4 42 96 00 00 00 00 00 00 00 00 00 00 3F 00 00 80 3E 00 00 00 00 04 00 00 00 00 00 80 3F 00 00 20 41 00 00 34 42 01 00 00 00 01 00 00 00 00 00 00 00 00 00 00 00 00 00 80 3F 0A D7 23 3F 9A 99 99 3F 00 00 80 3F 00 00 00 00 00 00 80 3F 00 00 80 3F 00 00 80 3F 00 00 00 00 00 00 00 00 00 00 00 3F 00 00 00 00 00 00 00 00 00 00 00 00 00 00 80 3F 00 00 80 3F 00 00 80 3F",
        "mffm2": "5C 43 00 00 90 42 00 00 B4 42 96 00 00 00 00 00 00 00 00 00 00 01 00 00 80 3E 00 00 00 00 04 00 00 00 00 00 80 3F 00 00 20 41 00 00 34 42 01 00 00 00 01 00 00 00 00 00 00 00 00 00 00 00 00 00 80 3F 0A D7 23 3F 9A 99 99 3F 00 00 80 3F 00 00 00 00 00 00 80 3F 00 00 80 3F 00 00 80 3F 00 00 00 00 00 00 00 00 00 00 00 3F 00 00 00 00 00 00 00 00 00 00 00 00 00 00 80 3F 00 00 80 3F 00 00 80 3F",
        "mffm1v1": "00 9A 99 19 3F 00 00 80 3E 00 00 00 00 04 00 00 00 00 00 80 3F 00 00 20 41 00 00 34 42 01 00 00 00 01 00 00 00 00 00 00 00 00 00 00 00 00 00 80 3F 9A 99 19 3F CD CC 8C 3F 00 00 80 3F 00 00 00 00 66 66 66 3F 00 00 80 3F 00 00 80 3F 00 00 00 00 00 00 00 00 00 00 00 00 00 00 00 00 00 00 00 00 00 00 00 00 00 00 80 3F 00 00 80 3F 00 00 80 3F 00 00 00 00 01",
        "mffm2v2": "00 9A 99 19 01 00 00 80 3E 00 00 00 00 04 00 00 00 00 00 80 3F 00 00 20 41 00 00 34 42 01 00 00 00 01 00 00 00 00 00 00 00 00 00 00 00 00 00 80 3F 9A 99 19 3F CD CC 8C 3F 00 00 80 3F 00 00 00 00 66 66 66 3F 00 00 80 3F 00 00 80 3F 00 00 00 00 00 00 00 00 00 00 00 00 00 00 00 00 00 00 00 00 00 00 00 00 00 00 80 3F 00 00 80 3F 00 00 80 3F 00 00 00 00 01",
        "mffm3v3": "5C 43 00 00 90 42 00 00 B4 42 96 00 00 00 00 00 00 00 00 00 00 3F 00 00 80 3E 00 00 00 00 04 00 00 00 00 00 80 3F 00 00 20 41 00 00 34 42 01 00 00 00 01 00 00 00 00 00 00 00 00 00 00 00 00 00 80 3F 8F C2 35 3F 9A 99 99 3F 00 00 80 3F 00 00 00 00 00 00 80 3F 00 00 80 3F 00 00 80 3F 00 00 00 00 00 00 00 00 00 00 00 3F 00 00 00 00 00 00 00 00 00 00 00 00 00 00 80 3F 00 00 80 3F 00 00 80 3F",
        "mffm4v4": "5C 43 00 00 90 42 00 00 B4 42 96 00 00 00 00 00 00 00 00 00 00 01 00 00 80 3E 00 00 00 00 04 00 00 00 00 00 80 3F 00 00 20 41 00 00 34 42 01 00 00 00 01 00 00 00 00 00 00 00 00 00 00 00 00 00 80 3F 8F C2 35 3F 9A 99 99 3F 00 00 80 3F 00 00 00 00 00 00 80 3F 00 00 80 3F 00 00 80 3F 00 00 00 00 00 00 00 00 00 00 00 3F 00 00 00 00 00 00 00 00 00 00 00 00 00 00 80 3F 00 00 80 3F 00 00 80 3F"
    }
]
